Mouse	"time since TAM start (days)"	TH.iSP	TH.DP1	TH.DP2-3	TH.immSP4	TH.matSP4	TH.immSP8	TH.matSP8	TH.naiTreg	TH.memTreg	TH.8mem	SP.4nai	SP.4CM	SP.4EM	SP.8nai	SP.8CM	SP.8EM	SP.naiTreg	SP.memTreg	LN.4nai	LN.4CM	LN.4EM	LN.8nai	LN.8CM	LN.8EM	LN.naiTreg	LN.memTreg
TH276_d15	15	99.21	77.66	38.39	15.03	18.82	3.44	28.33	8.18	4.34	28.59	1.34	26.82	12.47	1.16	4.66	10.14	5.42	5.91	1.05	25.18	12.20	0.88	3.43	12.00	6.11	8.05
TH276_d15	15	99.18	67.62	27.03	6.18	9.85	3.97	18.31	5.38	3.57	18.10	0.85	20.52	17.10	0.94	2.90	11.81	4.88	6.38	0.57	19.23	14.34	0.67	1.88	21.35	5.73	7.89
TH276_d64	64	99.39	85.79	56.46	18.51	9.13	14.00	16.50	10.80	6.44	12.50	1.18	27.56	11.96	1.59	6.05	20.94	4.67	4.38	0.66	23.74	14.73	0.95	4.60	19.31	5.10	6.14
TH311_d8	8	97.81	70.85	36.56	10.98	9.57	2.79	18.19	3.68	8.24	8.06	1.37	24.41	13.98	1.31	9.59	13.45	4.27	5.16	0.93	21.89	15.34	0.97	7.12	11.09	4.53	6.48
TH311_d8	8	98.66	75.26	37.80	11.97	7.81	1.08	11.08	7.59	3.96	18.46	1.29	22.54	9.92	1.89	14.30	25.78	3.49	3.28	0.74	19.85	9.09	1.03	8.82	10.11	3.88	4.29
TH311_d8	8	99.12	74.40	32.33	10.17	11.59	2.48	17.51	3.72	4.91	7.25	1.92	31.76	11.73	2.81	9.13	28.00	5.32	9.09	1.53	31.46	15.78	1.78	6.54	12.94	6.51	9.54
TH311_d8	8	96.10	70.78	37.84	9.99	8.73	2.59	19.06	7.94	8.33	7.56	1.56	28.43	15.37	1.60	9.18	33.67	6.68	7.59	0.67	17.95	10.37	1.10	6.67	10.28	3.61	5.08
TH311_d66	66	97.50	68.14	36.12	13.96	7.25	0.32	13.50	5.63	10.10	9.93	0.79	12.00	4.29	0.69	4.11	7.02	1.74	1.51	0.53	12.64	7.00	0.40	2.44	5.31	1.51	1.39
TH311_d66	66	97.45	55.47	25.66	7.98	7.21	1.41	16.20	4.23	0.78	12.98	0.46	14.26	5.21	0.73	1.78	7.20	1.36	2.44	0.36	14.81	6.06	0.62	2.27	10.50	1.18	1.82
TH311_d66	66	98.60	65.68	28.60	8.92	8.46	1.90	14.60	5.48	2.17	4.34	0.67	15.84	5.73	0.99	3.06	8.20	1.69	1.61	0.40	15.04	7.08	0.56	2.24	7.79	1.46	2.67
TH311_d66	66	96.70	42.15	16.93	3.39	3.85	0.71	6.97	1.96	2.21	3.28	0.62	16.70	5.81	0.57	1.99	4.82	1.76	0.65	0.30	10.90	6.07	0.56	1.78	8.04	1.40	1.93
TH319_d4+flu*	4*											1.51*	51.10*	19.70*	2.37*	10.94*	33.65*	7.31*	5.48*								
TH319_d4+flu*	4*											1.19*	50.17*	25.45*	2.40*	12.88*	45.12*	7.69*	6.03*								
TH319_d4	4											1.29	26.48	10.09	1.29	10.55	21.90	3.34	3.07								
TH319_d4	4											1.05	26.33	7.51	1.23	9.78	18.00	3.35	1.87								
TH319_d7+flu*	7*	99.70*	72.40*	37.60*	12.60*	12.38*	3.00*	23.78*	6.24*	5.36*	21.66*	1.85*	24.83*	20.78*	2.67*	4.98*	71.24*	4.17*	5.17*	0.91*	22.20*	10.38*	0.88*	2.94*	48.05*	3.32*	3.71*
TH319_d7+flu*	7*	99.88*	77.90*	39.48*	8.70*	7.22*	2.44*	12.36*	2.64*	2.68*	3.50*	1.26*	23.78*	18.34*	1.61*	4.23*	75.30*	3.96*	4.80*	0.79*	20.85*	13.85*	0.67*	3.20*	49.57*	4.28*	5.72*
TH319_d7	7	99.90	75.10	40.50	12.61	15.44	5.11	27.64	5.17	4.99	19.79	1.96	37.25	12.47	2.44	9.35	23.71	4.08	4.90	0.87	27.74	13.02	1.15	6.67	17.52	3.06	5.17
TH319_d7	7	99.94	75.28	39.29	11.21	10.63	10.61	27.09	6.88	5.04	12.68	0.94	37.03	16.83	1.48	12.50	27.48	4.97	6.74	0.76	30.23	15.35	1.16	8.81	23.40	4.73	7.52
TH319_d14+flu*	14*	99.66*	74.68*	37.43*	9.46*	9.51*	1.92*	14.04*	9.22*	8.66*	7.56*	1.53*	24.65*	13.91*	2.42*	6.03*	27.69*	4.15*	4.20*	1.00*	24.13*	13.39*	1.28*	4.39*	34.37*	4.75*	4.50*
TH319_d14+flu*	14*	99.88*	77.68*	42.93*	13.69*	14.80*	4.95*	26.91*	5.30*	4.47*	13.10*	2.04*	29.29*	15.13*	2.34*	7.95*	17.77*	8.13*	8.53*	0.80*	20.73*	15.78*	1.37*	4.20*	26.78*	4.22*	5.06*
TH319_d14	14	99.44	74.84	41.13	14.33	9.59	3.22	21.50	3.37	7.92	14.20	1.85	33.23	16.33	2.28	5.64	24.33	5.58	4.91	0.80	28.78	16.05	1.12	3.75	29.50	4.40	5.92
TH319_d14	14	99.71	73.52	40.02	10.34	9.56	3.27	20.63	6.07	4.47	7.17	0.72	25.88	13.61	1.24	3.92	24.68	3.39	4.75	0.64	23.09	13.98	1.01	3.30	19.85	3.85	5.79
TH319_d29+flu*	29*	99.25*	69.31*	29.11*	7.03*	8.14*	2.39*	19.65*	3.98*	3.85*	8.82*	2.03*	24.20*	10.37*	2.94*	4.69*	12.97*	4.26*	3.84*	0.88*	21.29*	9.64*	1.22*	2.66*	14.29*	2.92*	3.32*
TH319_d29+flu*	29*	99.80*	77.21*	37.37*	9.22*	6.48*	4.85*	18.37*	1.63*	4.58*	10.33*	1.62*	23.91*	10.76*	2.35*	3.45*	8.53*	4.21*	4.21*	0.71*	18.31*	13.49*	1.10*	2.09*	20.47*	3.32*	4.58*
TH319_d29	29	99.80	80.35	42.20	13.07	6.79	3.17	23.49	3.56	6.55	25.27	1.41	28.96	9.97	2.65	4.44	19.31	3.60	3.39	0.58	20.96	13.94	1.30	3.43	20.06	3.10	4.71
TH319_d29	29	99.60	73.47	33.15	7.37	5.31	4.08	19.49	3.37	2.58	5.86	1.53	32.69	10.79	2.91	5.49	13.74	3.21	4.42	0.68	23.11	11.41	1.41	2.93	13.62	3.45	4.06
TH328_d7	7	100.00	87.06	50.01	29.22	22.50	3.74	27.54	9.57	7.50	33.30	2.08	41.64	18.58	3.58	10.42	22.19	8.36	9.33	1.65	35.93	18.67	2.96	8.80	20.60	7.41	12.67
TH328_d7	7	100.00	90.97	59.81	31.39	25.44	8.82	42.68	4.17	11.11	41.70	2.34	44.36	22.40	5.19	18.87	36.67	11.40	13.50	1.88	34.64	20.44	3.67	14.15	27.17	8.08	14.12
TH328_d7	7	99.19	87.10	49.63	30.07	20.46	5.32	36.25	7.80	8.87	32.17	2.51	41.10	22.24	5.37	8.67	31.19	7.89	8.02	2.28	30.20	18.58	4.15	6.96	25.16	6.94	12.44
TH328_d7	7	100.03	90.40	63.60	44.13	6.91	1.23	11.64	2.48	5.07	9.22	2.02	28.13	13.95	2.09	14.56	30.26	4.71	4.39	1.17	20.71	11.96	1.99	13.39	14.67	4.08	3.99
TH328_d44	44	97.25	88.09	45.04	25.55	15.92	2.51	20.48	5.66	8.26	29.69	2.89	32.25	14.90	3.46	10.01	18.56	5.10	5.37	1.62	27.26	14.83	2.36	7.88	25.05	4.17	7.05
TH328_d44	44	97.84	88.49	38.93	23.05	15.08	2.14	20.60	5.49	11.37	22.51	2.79	35.38	17.15	3.43	11.87	22.72	5.38	5.63	1.36	28.88	13.93	1.83	8.37	19.51	3.74	7.00
TH328_d44	44	93.08	86.49	46.29	25.14	8.59	2.67	14.01	5.22	9.48	10.80	5.32	32.65	15.51	5.09	10.04	26.97	8.16	9.03	0.98	23.70	11.66	1.35	5.24	14.82	3.67	5.46
TH356_d10	10	99.72	78.40	43.14	14.46	11.30	2.49	19.32	6.89	3.85	3.65	1.46	32.72	13.75	2.16	12.42	19.02	5.44	5.10	0.90	29.25	17.11	1.34	8.92	25.38	5.46	8.30
TH356_d10	10	99.83	83.40	49.28	19.28	12.96	2.98	24.96	5.19	6.77	10.11	3.39	36.97	20.53	4.30	15.81	25.26	9.37	8.94	1.39	30.06	20.47	1.84	11.03	20.22	7.65	9.72
TH356_d10	10	99.79	83.40	50.10	19.93	15.61	1.58	21.45	10.56	5.29	6.99	2.89	36.63	20.25	3.07	13.61	23.42	8.22	5.39	1.38	32.43	18.55	1.45	9.94	17.13	6.37	8.21
TH356_d10	10	99.91	82.00	46.19	18.18	11.21	1.55	11.85	5.10	5.49	4.00	2.73	33.52	15.90	3.29	12.01	25.12	7.22	4.71	1.14	29.94	16.43	1.48	8.66	20.58	6.35	6.54
TH359_d21	21	99.18	73.53	15.64	12.99	12.12	1.67	18.48	5.71	6.09	8.32	1.78	34.04	13.54	1.95	4.21	16.70	4.66	3.74	1.04	31.01	15.74	1.25	3.85	18.23	5.44	5.89
TH359_d21	21	97.90	69.61	14.98	12.78	9.03	1.60	13.15	6.03	6.78	5.46	2.15	32.43	11.39	2.33	4.11	25.36	4.19	3.69	1.47	32.36	17.00	1.68	3.93	18.69	5.91	7.54
TH359_d21	21	97.54	72.64	19.29	13.74	7.98	3.60	19.82	3.58	6.37	7.71	2.41	36.15	14.56	2.56	5.05	23.38	6.64	6.27	1.03	25.62	20.08	1.74	3.53	19.30	6.27	8.25
TH359_d21	21	97.15	78.05	20.32	16.72	9.01	4.78	21.81	7.36	9.89	12.90	2.25	29.43	16.60	2.75	5.17	28.99	6.57	6.96	1.18	26.83	19.10	1.99	3.75	22.70	7.57	8.43
TH362_d4	4	99.11	55.73	9.73	5.68	9.15	0.64	12.74	7.37	5.32	3.47	1.33	28.51	10.88	1.24	6.41	27.98	3.25	3.51	1.10	29.18	13.15	0.98	5.27	10.45	4.32	5.34
TH362_d4	4	98.51	59.60	9.45	5.08	8.62	0.97	10.76	5.07	3.36	4.39	1.50	32.79	14.36	1.42	11.23	30.13	4.68	4.55	1.05	29.67	14.56	1.06	8.44	15.99	4.39	5.21
TH362_d4	4	98.33	58.34	12.30	6.84	7.69	1.53	11.09	5.77	3.63	4.67	1.18	33.13	13.90	1.39	15.94	38.36	4.84	6.23	1.01	30.25	16.92	1.19	11.21	22.77	4.45	6.93
TH356_d100	99	99.51	71.32	32.45	14.07	8.48	1.74	7.34	7.63	7.35	5.30	1.04	23.50	8.98	1.30	3.94	12.90	2.78	1.96	1.13	25.65	9.97	1.70	3.85	11.60	3.71	4.41
"TH356_d100 WEIRD THYMUS*"	99*	100.00*	99.65*	97.50*	89.68*	61.19*	78.78*	77.47*	71.92*	83.40*	50.70*	1.48*	19.34*	9.45*	1.74*	3.48*	9.52*	2.40*	3.21*	1.02*	17.37*	14.48*	1.43*	2.85*	18.54*	2.87*	4.39*
TH356_d100	99	99.82	71.79	40.44	19.03	10.07	2.15	11.30	7.14	4.26	4.71	1.53	21.05	8.83	1.85	3.60	14.35	2.77	2.21	0.91	21.40	11.71	1.28	2.56	15.03	2.91	4.62
"TH356_d100 no TAM ctrl"	0	99.60	73.40	37.50	16.00	10.50	3.32	14.40	5.41	9.27	5.07	1.20	27.20	13.70	1.29	3.57	19.50	2.76	3.76	1.12	25.50	14.30	1.43	3.48	25.90	3.54	6.77
TH362_d17	17	99.35	77.38	41.62	17.95	8.42	2.81	13.53	6.36	8.81	8.21	2.02	28.28	14.13	1.99	3.32	17.94	4.06	4.48	1.36	28.76	17.76	1.45	2.28	11.30	4.79	7.33
TH362_d17	17	99.81	74.25	36.16	17.19	12.97	1.72	19.51	5.11	8.39	10.79	1.83	27.21	11.80	2.14	4.05	30.57	4.08	4.16	1.24	27.26	20.69	1.58	3.26	22.81	3.95	6.85
"TH362_d17 no TAM ctrl"	0	99.40	72.80	34.70	16.00	10.40	1.62	15.00	8.23	5.13	5.78	0.95	26.20	12.10	0.97	3.33	14.50	2.17	3.73	0.84	26.50	14.80	1.20	3.01	15.60	3.45	7.68
TH362_d24	24	99.50	70.46	33.50	14.33	7.33	1.08	15.18	6.09	6.41	6.01	1.58	23.71	9.45	2.05	2.69	21.01	3.75	4.02	1.16	26.01	11.01	1.57	1.94	13.98	4.13	4.69
TH362_d24	24	99.63	75.14	34.73	14.00	9.63	1.06	15.11	3.96	4.78	3.48	1.28	29.91	17.69	1.75	4.15	29.70	4.07	3.66	0.94	27.61	15.19	1.32	3.37	23.61	3.74	5.38
"TH362_d24 no TAM ctrl"	0	99.30	75.70	35.40	14.80	9.98	1.36	14.50	5.31	8.68	6.40	0.91	25.00	10.60	1.35	3.40	21.20	2.45	2.88	1.01	26.70	13.40	1.33	3.09	19.90	3.06	4.55
TH362_d38	38	99.02	81.00	32.28	21.08	11.99	0.96	17.51	9.49	8.94	8.82	2.66	28.20	12.27	3.04	6.67	22.57	4.90	4.49	1.37	30.26	14.68	1.64	4.82	15.86	3.32	5.48
TH362_d38	38	99.40	80.84	36.37	21.29	7.87	1.58	16.44	4.16	6.68	5.37	3.68	27.42	13.16	3.90	6.05	28.65	6.58	6.41	1.28	26.26	13.91	1.46	3.61	21.28	3.62	5.58
"TH362_d38 no TAM"	0	99.40	76.60	26.40	17.21	9.74	1.18	13.90	5.12	6.42	4.89	1.49	29.40	14.20	1.68	5.28	17.30	3.41	3.22	1.35	23.20	18.60	1.60	5.29	23.09	3.39	5.28
TH362_d52	52	99.26	75.54	39.90	18.24	12.30	1.13	16.52	5.96	9.69	8.80	2.67	28.07	11.41	2.66	4.73	19.16	4.79	5.35	1.29	28.14	14.36	1.55	2.92	13.09	4.54	6.21
TH362_d52	52	99.42	79.77	41.62	20.03	11.14	1.97	17.50	8.07	8.47	8.97	5.07	33.84	12.92	5.89	11.32	24.14	6.56	5.65	1.70	18.13	9.79	2.34	6.88	18.02	3.46	6.20
"TH362_d52 no TAM"	0	99.30	70.90	31.44	14.20	10.10	1.36	13.40	5.99	6.36	5.61	1.79	28.94	10.73	1.94	5.99	18.00	4.79	3.57	1.38	27.72	13.91	1.50	5.25	17.60	4.32	5.86